test
ECB : 0.00046896934509277344
CBC : 0.0006458759307861328
CFB : 0.0006544589996337891 
CTR : 0.0010247230529785156

test2.txt
ECB : 0.0009083747863769531
CBC : 0.001588582992553711
CFB : 0.0015704631805419922
CTR : 0.0020630359649658203

test3.txt
ECB : 0.0006256103515625
CBC : 0.0006582736968994141
CFB : 0.0008499622344970703
CTR : 0.0009746551513671875
